69.30
76.23
83.85
92.12
90.87
90.49
88.02
82.26
83.62
79.25
80.05
80.63
77.11
77.54
79.00
82.95
81.69
80.51
77.08
74.29
72.31
74.04
70.58
69.51
64.51
63.98
70.34
67.39
68.04
66.68
67.09
67.49
64.32
65.03
64.96
65.18
65.57
67.43
64.35
64.66
64.42
65.75
65.70
66.30
67.46
67.68
66.33
64.44
64.12
61.01
61.01
61.88
63.18
63.53
66.39
65.97
66.45
66.84
65.61
63.94
65.07
65.76
67.91
67.59
68.83
71.00
70.12
69.26
67.29
63.92
62.80
63.81
60.52
55.59
57.31
60.75
60.53
60.80
61.76
58.81
56.46
56.73
61.62
59.61
58.18
58.46
56.71
57.31
59.14
58.15
57.99
55.27
51.30
49.63
50.78
50.66
50.40
50.91
50.03
48.57
49.35
49.55
47.97
50.03
48.05
52.02
52.49
50.84
48.89
49.98
48.86
48.14
45.20
43.97
44.35
40.00
42.55
40.00
40.10
41.14
42.88
44.29
44.48
42.02
43.40
43.90
42.93
43.90
45.19
43.06
41.66
42.33
42.82
44.50
48.95
47.98
46.64
47.10
48.38
48.98
49.39
47.77
50.77
50.05
48.67
48.22
50.00
49.33
51.12
45.58
51.00
51.96
51.81
49.19
48.32
49.13
48.52
47.29
47.54
48.13
45.68
42.87
42.39
40.58
41.01
40.43
39.43
39.07
39.13
40.94
39.77
38.09
37.21
37.70
38.57
38.98
37.78
37.57
36.80
35.26
34.79
31.96
32.94
33.93
35.09
35.07
35.30
35.34
33.83
32.81
32.10
32.44
33.37
33.36
32.69
33.23
32.19
32.99
33.21
32.31
31.77
30.99
30.32
28.39
28.39
28.39
27.82
27.11
27.52
28.22
27.98
28.26
26.79
26.46
28.76
27.57
27.51
27.66
27.11
26.90
27.35
28.04
27.60
26.84
25.34
25.34
24.54
24.54
24.50
24.52
23.30
23.49
21.19
20.67
20.57
22.63
24.89
26.10
26.49
28.07
27.39
24.65
23.11
22.38
21.43
20.22
20.92
20.59
19.93
18.02
18.15
19.25
20.18
19.56
19.98
19.06
17.15
17.13
16.83
17.54
17.82
18.05
17.18
18.07
17.37
17.59
19.35
19.25
19.04
19.93
20.35
20.20
18.35
19.31
18.56
17.92
17.35
17.69
17.50
17.50
17.31
17.45
17.33
18.76
19.03
18.97
19.93
19.90
20.18
20.37
19.45
19.25
19.39
19.26
19.89
19.69
19.66
18.73
18.13
18.35
18.58
17.97
17.66
17.54
18.24
19.67
19.21
19.35
19.46
19.17
18.37
19.15
18.65
19.19
19.56
19.59
19.39
20.24
19.71
19.78
20.27
20.64
21.17
21.92
22.50
22.73
22.16
21.21
21.96
22.81
22.51
20.90
20.64
20.75
21.14
19.91
19.73
19.21
18.84
18.83
18.45
19.48
19.31
19.14
18.53
19.29
18.96
18.82
18.83
18.90
19.70
19.75
20.59
20.74
21.08
20.93
20.22
20.69
20.69
20.52
20.70
21.90
22.14
21.91
