69.30
76.23
83.85
92.12
90.87
90.49
88.02
82.26
83.62
79.25
80.05
80.63
77.11
77.54
79.00
82.95
81.69
80.51
77.08
74.29
72.31
74.04
70.58
69.51
64.51
63.98
70.34
67.39
68.04
66.68
67.09
67.49
64.32
65.03
64.96
65.18
65.57
67.43
64.35
64.66
64.42
65.75
65.70
66.30
67.46
67.68
66.33
64.44
64.12
61.01
61.01
61.88
63.18
63.53
66.39
65.97
66.45
66.84
65.61
63.94
65.07
65.76
67.91
67.59
68.83
71.00
70.12
69.26
67.29
63.92
62.80
63.81
60.52
55.59
57.31
60.75
60.53
60.80
61.76
58.81
56.46
56.73
61.62
59.61
58.18
58.46
56.71
57.31
59.14
58.15
57.99
55.27
51.30
49.63
50.78
50.66
50.40
50.91
50.03
48.57
49.35
49.55
47.97
50.03
48.05
52.02
52.49
50.84
48.89
49.98
48.86
48.14
45.20
43.97
44.35
40.00
42.55
40.00
40.10
41.14
42.88
44.29
44.48
42.02
43.40
43.90
42.93
43.90
45.19
43.06
41.66
42.33
42.82
44.50
48.95
47.98
46.64
47.10
48.38
48.98
49.39
47.77
50.77
50.05
48.67
48.22
50.00
49.33
51.12
45.58
51.00
51.96
51.81
49.19
48.32
49.13
48.52
47.29
47.54
48.13
45.68
42.87
42.39
40.58
41.01
40.43
39.43
39.07
39.13
40.94
39.77
38.09
37.21
37.70
38.57
38.98
37.78
37.57
36.80
35.26
34.79
31.96
32.94
33.93
35.09
35.07
35.30
35.34
33.83
32.81
32.10
32.44
33.37
33.36
32.69
33.23
32.19
32.99
33.21
32.31
31.77
30.99
30.32
28.39
28.39
28.39
27.82
27.11
27.52
28.22
27.98
28.26
26.79
26.46
28.76
27.57
27.51
27.66
27.11
26.90
27.35
28.04
27.60
26.84
25.34
25.34
24.54
24.54
24.50
24.52
23.30
23.49
21.19
20.67
20.57
22.63
24.89
26.10
26.49
28.07
27.39
24.65
23.11
22.38
21.43
20.22
20.92
20.59
19.93
18.02
18.15
19.25
20.18
19.56
19.98
19.06
17.15
17.13
16.83
17.54
17.82
18.05
17.18
18.07
17.37
17.59
19.35
19.25
19.04
19.93
20.35
20.20
18.35
19.31
18.56
17.92
17.35
17.69
17.50
17.50
17.31
17.45
17.33
18.76
19.03
18.97
19.93
19.90
20.18
20.37
19.45
19.25
19.39
19.26
19.89
19.69
19.66
18.73
18.13
18.35
18.58
17.97
17.66
17.54
18.24
19.67
19.21
19.35
19.46
19.17
18.37
19.15
18.65
19.19
19.56
19.59
19.39
20.24
19.71
19.78
20.27
20.64
21.17
21.92
22.50
22.73
22.16
21.21
21.96
22.81
22.51
20.90
20.64
20.75
21.14
19.91
19.73
19.21
18.84
18.83
18.45
19.48
19.31
19.14
18.53
19.29
18.96
18.82
18.83
18.90
19.70
19.75
20.59
20.74
21.08
20.93
20.22
20.69
20.69
20.52
20.70
21.90
22.14
21.91
23.08
21.83
21.81
22.81
25.09
25.26
25.42
24.63
23.81
24.34
23.73
22.72
23.14
23.98
23.81
24.00
24.74
24.73
26.69
26.50
26.96
26.94
26.85
26.11
26.71
27.44
27.06
27.19
28.05
28.07
28.04
26.64
26.09
26.04
25.19
25.32
27.00
26.88
27.30
27.23
27.33
26.83
27.83
27.09
26.24
26.15
25.97
26.60
28.07
28.12
27.41
26.57
27.84
27.42
27.64
29.82
29.91
30.48
31.80
33.45
33.49
32.83
33.95
33.44
33.05
31.79
32.41
33.19
32.99
34.33
36.17
35.10
36.67
37.72
40.07
40.29
39.52
36.96
37.38
38.57
38.76
41.19
40.21
38.52
36.99
36.80
37.08
34.88
35.37
34.03
32.00
32.29
30.11
32.50
33.27
34.43
33.06
33.38
32.37
30.90
27.88
28.45
29.49
31.37
31.24
31.41
32.62
33.17
32.75
33.68
33.83
34.08
33.61
34.74
33.53
33.26
31.94
30.70
30.89
31.05
30.00
29.94
30.36
32.89
32.19
33.06
33.89
34.49
34.83
36.17
36.31
36.08
35.73
36.88
36.47
34.79
35.13
34.27
34.50
35.69
36.03
36.13
35.97
36.22
36.18
36.09
35.86
35.90
35.50
37.59
37.44
37.99
37.83
37.28
37.67
36.28
37.17
35.69
34.27
35.45
35.53
35.82
35.97
36.63
36.60
35.65
34.91
35.09
35.04
35.37
35.21
34.97
34.13
33.31
33.02
31.81
31.69
33.22
32.79
33.42
33.78
34.78
34.82
34.27
35.13
35.18
34.36
33.92
34.31
34.65
32.80
32.99
32.73
32.82
32.97
31.62
30.91
30.12
30.10
29.40
29.50
29.59
29.45
28.52
28.51
29.81
29.22
28.30
28.22
28.53
29.00
29.18
29.43
29.05
28.43
28.70
29.05
28.84
29.18
28.71
28.87
28.43
28.51
28.89
29.18
28.85
28.84
28.77
28.14
27.80
28.23
28.32
28.53
28.59
28.45
28.29
27.90
28.16
29.05
29.33
28.90
29.23
29.54
29.86
29.53
28.89
29.19
28.94
29.69
29.58
29.75
29.24
27.74
27.65
28.18
27.59
27.52
27.39
26.57
26.33
26.20
26.52
26.07
25.81
24.30
23.64
24.14
23.77
23.88
24.51
24.46
23.32
23.97
23.90
23.82
24.04
24.91
24.08
24.01
24.42
24.32
23.69
23.34
23.53
23.53
23.61
23.07
22.92
23.44
23.17
23.35
23.33
23.09
24.14
23.96
23.52
23.56
23.49
23.15
22.13
21.97
21.73
21.69
20.75
21.11
21.31
21.26
22.18
22.27
21.77
21.95
21.67
21.70
22.40
22.83
22.80
23.01
23.24
23.15
22.87
23.85
24.00
23.75
24.07
23.65
23.83
23.42
23.83
23.98
23.17
23.01
22.45
22.71
23.93
24.54
24.40
25.71
24.83
24.74
24.50
23.79
23.91
23.72
24.39
23.94
23.74
23.85
23.63
24.47
24.30
24.23
23.72
23.69
23.86
23.69
23.18
22.84
22.71
22.51
22.56
22.94
22.64
23.26
23.61
25.80
27.43
28.07
27.52
27.55
28.46
28.09
29.14
29.38
29.39
28.90
30.04
29.97
29.04
28.49
28.60
29.57
28.67
28.25
28.76
29.34
29.35
29.07
28.55
29.25
27.30
26.71
25.13
24.99
25.24
25.21
24.93
24.37
24.80
25.04
25.16
24.69
24.21
24.14
24.19
24.05
24.26
24.53
24.19
23.80
24.03
24.85
24.86
25.19
25.10
24.89
24.32
25.77
25.22
25.31
25.03
25.05
24.16
24.17
24.03
24.71
25.18
25.25
24.91
24.71
24.33
24.66
24.86
24.93
24.32
23.68
23.73
24.08
23.15
23.20
22.92
22.92
23.11
23.44
23.32
23.74
23.81
23.46
23.85
23.93
24.89
24.87
25.18
25.18
24.73
25.07
24.89
25.27
25.79
25.81
25.59
25.89
25.45
25.79
28.37
29.01
28.59
27.45
26.98
27.44
26.69
27.88
28.08
28.38
28.27
28.19
28.75
28.47
29.19
29.59
29.05
28.98
29.09
29.62
29.81
29.63
29.92
30.87
30.54
31.01
30.63
30.42
30.74
29.32
29.43
30.14
29.75
28.80
28.78
29.06
29.24
29.65
29.81
28.12
28.03
27.59
27.79
28.08
27.99
27.47
28.08
27.64
28.27
28.53
28.36
28.51
27.62
27.57
27.34
27.37
27.83
28.36
28.60
28.87
28.58
28.34
28.47
28.15
28.21
27.31
28.05
28.48
28.14
27.92
28.01
28.82
28.80
29.62
29.63
29.65
29.51
29.34
30.14
30.90
31.08
31.60
31.08
30.70
31.41
30.89
29.76
30.28
30.40
30.40
30.16
29.98
29.63
29.38
29.98
29.69
29.65
30.01
30.40
29.69
29.75
29.67
29.50
29.60
28.78
27.41
27.40
27.43
27.72
27.64
27.93
27.68
27.29
26.07
25.59
25.24
25.61
25.60
26.96
26.84
26.56
26.68
26.95
26.92
26.48
25.63
25.65
26.26
26.02
25.79
25.48
25.64
25.40
25.73
25.19
25.34
26.59
25.69
25.86
25.52
26.08
25.94
25.94
25.34
25.27
24.21
24.95
25.09
25.25
25.74
25.03
25.24
24.73
24.53
25.35
26.03
26.13
26.40
27.21
26.98
26.81
27.21
27.22
27.27
27.17
27.44
27.59
26.95
27.05
28.16
28.44
27.41
27.39
26.63
26.22
26.06
25.58
25.78
25.55
25.81
26.15
25.39
26.05
25.61
25.55
25.60
25.76
25.77
25.51
25.25
25.02
24.90
24.05
24.45
24.35
24.26
24.24
24.59
24.90
24.55
24.50
24.66
24.91
25.33
24.60
24.29
24.27
26.01
26.76
26.49
26.49
26.33
26.02
27.38
26.88
27.10
27.48
26.68
26.85
26.57
27.24
27.35
27.35
26.89
27.63
27.53
27.45
27.14
27.14
27.31
27.11
27.09
27.22
27.35
27.56
27.76
28.12
28.01
27.91
27.59
27.50
27.81
27.65
26.89
26.53
26.74
27.07
26.77
27.15
26.35
26.18
26.30
26.28
26.02
26.29
26.10
25.91
26.19
26.25
25.49
25.26
25.61
25.91
26.01
25.52
25.71
25.65
26.24
26.45
26.37
25.91
26.53
26.64
26.74
26.40
26.43
26.60
26.81
26.89
27.62
27.54
27.70
27.29
27.29
26.96
26.91
26.49
26.27
25.95
25.67
26.00
25.64
26.00
26.26
25.93
25.98
26.34
26.67
26.43
26.01
25.89
25.21
25.38
25.04
24.83
24.89
24.18
23.59
23.78
23.49
23.81
24.06
23.86
23.92
23.38
22.61
22.45
22.27
22.05
22.48
22.11
22.11
22.39
22.19
22.60
21.86
21.84
22.10
22.82
22.63
22.50
22.71
22.79
22.65
22.25
21.96
21.97
21.68
21.66
21.71
21.98
22.17
22.32
22.05
22.45
22.67
22.67
22.68
22.75
22.49
22.36
22.53
22.18
22.13
22.15
22.10
22.15
22.12
22.30
21.93
21.36
21.52
21.43
21.54
21.45
21.62
21.44
21.04
21.50
22.50
22.55
22.39
22.60
22.53
22.97
22.39
21.97
21.90
21.28
21.62
21.73
21.81
21.71
22.51
23.01
22.65
22.99
22.94
22.69
22.87
22.77
22.61
23.00
23.44
23.30
23.53
23.17
23.27
23.13
22.80
22.60
22.79
23.00
23.26
23.33
23.37
23.26
23.18
22.65
22.67
22.81
22.41
22.60
22.11
21.72
21.74
21.37
21.68
21.51
21.73
21.61
21.62
21.74
21.69
21.73
21.42
21.57
22.08
22.11
22.70
22.76
22.69
22.69
22.55
23.28
23.37
23.40
23.67
23.55
23.31
23.34
23.99
24.11
24.46
24.86
25.35
25.17
25.16
24.99
25.35
24.88
24.34
24.94
24.80
24.53
24.29
24.71
24.83
24.39
24.12
23.79
23.87
24.19
24.12
24.28
24.55
24.60
24.93
25.09
24.87
24.73
24.84
24.22
23.93
24.01
22.93
22.75
22.67
22.28
22.51
22.95
22.64
21.97
22.06
22.15
22.29
22.32
22.10
21.99
21.82
21.73
21.85
21.62
21.82
22.14
22.06
22.06
22.17
21.99
21.94
21.79
21.78
21.63
21.70
21.85
21.58
21.63
21.75
21.52
21.45
21.19
20.89
20.82
20.88
21.32
21.25
20.64
20.80
20.69
20.49
20.27
20.50
20.66
20.69
20.78
20.54
20.90
20.92
20.51
20.45
20.63
21.15
21.02
21.06
21.07
20.79
20.87
20.68
20.84
20.78
20.67
20.48
20.46
20.27
20.36
20.36
20.19
19.28
19.13
18.92
18.66
18.42
18.10
17.99
17.50
17.52
16.99
16.67
16.94
16.90
16.93
16.72
17.20
17.22
15.67
15.81
16.23
16.74
16.25
16.24
16.19
16.28
16.10
15.92
15.81
16.22
15.91
15.97
15.90
15.75
15.85
16.00
16.13
16.19
16.40
16.38
16.21
16.11
16.16
17.14
17.13
16.99
16.77
16.66
16.72
16.48
16.47
16.43
16.50
16.81
16.62
16.82
16.60
16.58
16.72
16.97
17.03
16.96
17.02
17.44
17.81
17.89
17.81
17.43
17.19
17.06
17.09
17.20
16.83
16.91
16.63
16.69
16.67
16.75
16.65
16.39
16.58
16.74
16.69
16.46
16.74
16.83
17.05
16.98
16.76
16.35
16.16
16.21
16.27
16.40
16.34
16.42
16.40
16.38
16.28
16.34
16.09
16.02
16.14
15.97
16.01
16.23
16.58
16.55
16.71
16.72
16.77
16.56
16.55
16.80
17.06
16.91
17.09
17.12
17.24
17.21
17.05
16.97
16.82
16.49
16.44
16.27
16.04
16.07
16.13
16.10
15.63
15.75
15.81
15.83
15.57
15.70
15.79
15.82
15.63
15.37
14.84
14.82
14.56
14.44
14.49
14.56
14.63
14.53
14.50
14.23
14.09
14.15
14.39
14.25
14.37
14.09
14.03
14.07
13.84
13.96
14.13
14.26
14.18
14.04
14.08
14.29
14.06
14.26
14.32
14.39
14.05
13.75
13.75
13.75
13.80
13.62
13.47
13.56
13.60
13.45
12.91
12.85
12.88
13.18
13.06
13.12
13.14
13.32
13.11
13.52
13.72
13.62
13.73
13.57
13.79
13.83
13.87
14.17
13.98
14.01
14.38
14.57
15.08
15.05
14.87
14.51
14.60
14.38
14.35
14.15
14.13
14.04
14.11
14.06
14.05
14.16
14.21
14.00
13.79
13.86
13.99
14.12
14.78
14.44
14.51
14.56
14.40
14.18
14.17
14.29
14.31
14.37
14.39
14.37
14.39
14.35
14.32
14.33
14.24
14.38
14.33
14.34
14.38
14.42
14.36
14.40
14.57
14.49
14.50
14.52
14.52
14.57
14.60
14.59
14.68
14.45
14.54
14.51
14.68
14.68
14.75
14.77
14.80
14.64
14.71
14.78
13.84
13.80
13.85
13.76
13.70
13.62
13.77
13.88
14.30
14.76
15.30
15.07
15.13
15.37
15.69
16.10
15.85
15.76
15.40
15.47
15.78
15.62
15.64
15.50
15.49
15.47
15.51
15.33
15.12
15.15
14.87
14.83
14.87
14.85
15.04
15.05
15.21
15.44
15.52
15.69
15.70
15.41
15.34
15.39
15.46
15.21
15.24
15.25
15.32
15.03
15.11
15.44
15.42
15.43
15.47
15.56
15.40
15.45
15.36
15.41
15.22
15.18
15.08
14.81
14.87
14.83
14.84
14.58
14.56
14.30
14.56
14.77
14.72
15.15
15.06
15.31
15.24
15.25
15.00
15.34
15.41
15.53
15.41
15.49
15.39
15.11
14.90
14.89
15.03
15.44
15.59
15.64
15.95
15.99
16.35
16.80
17.17
18.58
17.95
18.75
17.52
17.89
17.62
17.61
17.33
17.85
17.68
18.00
18.98
20.28
19.12
18.29
18.85
19.40
19.39
19.80
20.29
22.32
22.86
22.86
22.37
21.56
20.83
20.70
20.54
21.49
21.68
19.51
19.57
20.40
20.44
20.16
20.27
19.79
19.47
19.36
19.05
18.53
19.13
18.97
18.56
17.92
17.83
18.21
18.28
18.29
18.43
18.40
18.39
17.94
18.56
18.60
18.90
18.17
18.31
17.91
18.07
18.25
18.04
17.84
18.36
18.70
18.89
19.04
19.65
19.75
19.66
19.99
19.66
19.23
19.62
19.73
20.44
20.09
20.32
20.63
20.52
21.13
20.93
20.58
20.99
21.31
21.08
20.61
21.49
22.24
22.38
22.80
23.39
23.62
22.81
24.44
23.89
23.56
22.71
23.00
21.65
20.82
20.38
20.76
21.31
21.22
20.85
21.13
20.37
19.81
20.43
20.44
20.63
21.36
21.99
22.20
22.61
20.73
20.56
22.62
22.74
22.18
23.08
23.09
23.90
26.29
25.28
24.58
25.34
23.37
22.95
23.73
22.28
20.82
21.69
22.87
21.53
19.79
19.80
20.85
19.77
18.64
17.10
18.32
20.07
18.84
20.72
21.93
21.58
20.08
19.98
20.12
20.54
19.95
19.80
19.62
19.83
19.78
17.80
17.09
17.64
17.00
17.01
17.43
17.86
17.57
17.49
17.72
19.23
19.77
20.80
20.57
20.32
19.82
17.84
17.89
17.16
17.02
15.32
13.79
13.90
14.48
15.31
15.52
15.98
16.58
15.29
15.30
15.57
15.63
15.37
15.82
15.25
15.91
15.28
15.22
15.34
15.53
14.92
15.01
14.91
14.84
14.40
14.47
15.06
15.17
15.71
15.53
15.44
15.64
15.77
15.60
15.61
15.45
15.36
15.40
15.67
15.41
15.19
15.22
15.09
14.77
14.78
15.33
15.86
15.97
16.18
16.27
16.20
15.95
15.57
15.68
15.68
15.60
15.70
15.65
15.47
15.35
15.43
15.58
14.74
14.70
14.75
15.21
15.27
15.09
14.98
14.64
14.71
14.65
14.64
14.96
14.77
14.90
15.10
15.00
15.34
15.35
15.26
15.06
15.11
14.83
15.02
15.06
14.97
14.15
14.33
15.75
14.24
15.62
14.39
14.17
14.06
14.23
13.69
13.42
13.74
13.48
13.29
13.74
13.94
13.05
13.24
13.20
13.40
13.05
13.19
12.99
13.13
13.10
13.06
13.36
13.46
13.47
13.39
13.76
13.86
13.85
13.00
13.29
13.63
13.81
14.32
14.16
14.46
14.51
14.46
14.22
13.65
13.87
14.06
14.00
14.25
14.29
14.34
14.42
14.27
14.26
13.93
14.00
13.91
13.83
14.16
14.06
14.20
14.25
14.18
14.10
14.13
14.43
14.97
15.45
15.37
15.25
15.23
15.07
14.85
14.84
14.71
14.77
14.69
14.41
14.52
14.78
14.69
14.52
14.49
14.11
13.59
13.57
13.70
13.81
13.81
13.84
13.71
13.59
13.51
13.57
13.62
13.63
13.62
13.67
13.61
13.60
13.95
13.88
13.86
13.90
13.80
13.84
13.86
13.42
13.42
13.52
13.39
13.56
13.51
13.46
13.77
13.93
13.70
14.11
14.10
14.12
14.07
14.20
14.29
14.24
14.29
14.33
14.20
14.39
15.09
14.95
14.77
15.27
15.00
14.98
14.96
14.85
14.89
14.69
14.86
14.67
14.70
14.66
14.95
15.06
14.96
14.94
14.88
15.31
15.27
15.20
15.00
15.16
15.43
15.30
15.36
15.15
15.07
14.98
14.98
14.89
14.95
14.91
14.93
14.96
15.00
14.92
15.04
15.16
15.12
14.99
15.12
15.14
15.12
15.06
14.90
14.95
14.99
14.99
15.23
15.24
14.99
15.00
14.93
15.18
15.20
15.41
15.54
15.52
15.52
15.53
15.50
15.81
15.92
15.94
16.12
17.30
17.37
16.98
16.77
16.85
16.89
17.10
16.86
17.03
17.35
18.19
17.65
17.70
17.69
17.75
17.70
17.25
17.21
17.29
16.95
17.00
17.68
17.36
17.43
17.44
17.77
17.49
16.93
17.12
17.14
17.07
17.12
17.33
17.29
17.33
17.24
17.08
16.65
16.33
16.09
16.14
16.10
16.20
16.10
15.85
15.71
15.66
15.70
16.04
16.18
16.19
16.30
16.31
16.39
16.50
16.64
16.53
16.47
16.60
16.89
16.86
17.05
16.98
17.12
17.13
17.30
17.19
17.22
16.92
16.72
16.72
16.85
16.89
17.06
17.20
17.31
17.31
17.40
17.12
17.27
17.29
17.17
17.05
16.95
16.88
16.94
16.88
16.79
16.67
16.86
16.86
16.81
16.60
16.40
16.51
16.48
16.78
16.81
16.69
18.36
