69.30
76.23
83.85
92.12
90.87
90.49
88.02
82.26
83.62
79.25
80.05
80.63
77.11
77.54
79.00
82.95
81.69
80.51
77.08
74.29
72.31
74.04
70.58
69.51
64.51
63.98
70.34
67.39
68.04
66.68
67.09
67.49
64.32
65.03
64.96
65.18
65.57
67.43
64.35
64.66
64.42
65.75
65.70
66.30
67.46
67.68
66.33
64.44
64.12
61.01
61.01
61.88
63.18
63.53
66.39
65.97
66.45
66.84
65.61
63.94
65.07
65.76
67.91
67.59
68.83
71.00
70.12
69.26
67.29
63.92
62.80
63.81
60.52
55.59
57.31
60.75
60.53
60.80
61.76
58.81
56.46
56.73
61.62
59.61
58.18
58.46
56.71
57.31
59.14
58.15
57.99
55.27
51.30
49.63
50.78
50.66
50.40
50.91
50.03
