28.2
31.02
34.12
37.53
41.28
41.28
41.28
45.41
49.95
54.95
60.45
66.5
66.5
66.5
73.15
80.47
88.52
97.37
90.87
90.87
90.87
81.78
74.42
81.86
90.05
82.88
82.88
82.88
74.59
75.41
75.62
68.06
61.67
61.67
61.67
61.67
64.44
63.86
59.64
53.68
53.68
53.68
48.32
52.39
49.01
47.57
44.87
44.87
44.87
49.36
44.42
39.98
43.98
48.38
48.38
48.38
53.22
54.81
49.33
48.05
50.63
50.63
50.63
50.21
51.8
52.44
57.68
54.76
54.76
54.76
49.28
45.62
49.9
51.45
56.6
56.6
56.6
62.26
59.47
62.72
57.87
58.72
58.72
58.72
61.26
61.77
58.39
60.2
60.63
60.63
60.63
60.56
55.02
60.22
57.01
51.82
51.82
51.82
46.64
41.98
43.86
45.85
49.24
49.24
49.24
46
41.81
41.04
41.04
41.04
41.04
41.04
42.44
46.68
48.33
46.8
47.26
47.26
47.26
42.53
42.09
46.14
46.93
47.3
47.3
47.3
24.79
24.43
24.55
24.56
22.1
22.1
22.1
22.48
21.57
22.08
22.08
22.08
22.08
22.08
22.08
22.08
22.08
22.88
22.9
22.9
22.9
25.18
24.99
24.32
25.56
26.36
26.36
26.36
25.46
25.7
23.22
23.93
24.83
24.83
24.83
25.07
27.58
27.03
26.69
26.75
26.75
26.75
26.55
27.77
28.8
28.19
29.24
29.24
29.24
30.33
29.89
31.43
33.57
31.33
31.33
31.33
31.31
30.26
28.96
29.89
30.21
30.21
30.21
30.72
32
31.86
31.2
28.18
28.18
28.18
28.89
28.49
28.03
29.19
28.96
28.96
28.96
28.89
28.09
27.7
28.12
27.34
27.34
27.34
28.07
28.2
29.77
30.43
29.57
29.57
29.57
29.87
29.85
29.85
29.26
30.13
30.13
30.13
29.14
29.62
30.12
29.53
29.53
29.53
29.53
26.71
26.16
26.71
24.06
24.26
24.26
24.26
23.8
24.13
22.89
23.75
22.5
22.5
22.5
23.19
24.86
24.18
23.02
23.36
23.36
23.36
23.43
21.09
21.74
20.1
20.75
20.75
20.75
20.68
21.32
21.57
22.16
22.38
22.38
22.38
22.38
22.38
22.38
22.38
22.38
22.38
22.38
21.96
22.88
23.06
22.75
22.83
22.83
22.83
23.7
23.59
23.63
21.27
20.7
20.7
20.7
19.23
19.55
20.34
21.29
22.18
22.18
22.18
24.2
23.92
21.58
21.07
20.74
20.74
20.74
21.97
21.29
20.74
21.44
22.83
22.83
22.83
23.65
23.18
23.75
22.88
23.18
23.18
23.18
23.01
23.46
24.33
24.11
24.06
24.06
24.06
24.06
25.89
25.74
25.1
25.54
25.54
25.54
26.51
27.3
27.79
27.67
27.77
27.77
27.77
26.66
26.49
29.14
29.66
28.7
28.7
28.7
28.05
28.53
29.75
28.69
29.04
29.04
29.04
29.04
29.31
31.17
30.16
28.71
28.71
28.71
25.94
26.45
25.55
25.38
24.64
24.64
24.64
25.16
24.9
22.81
22.78
21.99
21.99
21.99
22.99
22.88
22.64
22.29
22.31
22.31
22.31
21.66
23.26
23.23
23.34
23.68
23.68
23.68
24.38
24.18
24.25
24.25
24.25
24.25
24.25
21.83
21.27
22
22.08
22.24
22.24
22.24
24.1
23.37
23.49
22.85
22.27
22.27
22.27
22.7
22.81
23.32
23.19
24.71
24.71
24.71
25.7
27.42
26.82
27.37
26.25
26.25
26.25
26.07
26.94
26.67
25.83
26.17
26.17
26.17
28.06
28.15
27.62
28.11
27.72
27.72
27.72
25.97
26.29
28.92
29.16
32.08
32.08
32.08
30.79
30.83
30.54
30.25
28.68
28.68
28.68
29.14
29.04
29.41
27.8
27.73
27.73
27.73
27.91
28.39
28.58
28.12
27.75
27.75
27.75
26.84
27
27.03
27.8
27.55
27.55
27.55
27.3
27.54
26.84
26.12
25.91
25.91
25.91
26.09
26.43
26.37
26.64
26.4
26.4
26.4
24.75
24.96
25.05
25.05
25.05
25.05
25.05
25.22
25.08
25.13
25.2
24.85
24.85
24.85
25.38
25.21
25.57
25.47
25.81
25.81
25.81
25.81
25.81
25.81
25.81
25.81
25.81
25.81
26.44
26.37
26.49
26.3
26.09
26.09
26.09
26.12
26.41
26.08
26.15
25.51
25.51
25.51
25.5
25.78
25.09
25.08
25.06
25.06
25.06
24.96
26.32
26.05
26.29
26.4
26.4
26.4
26.74
26.74
26.23
27.44
27.16
27.16
27.16
27.09
27.25
26.9
26.68
26.94
26.94
26.94
27.44
27.4
26.99
27.14
26.46
26.46
26.46
26.42
25.81
25.62
25.8
25.36
25.36
25.36
25.36
25.81
25.92
25.57
25.59
25.59
25.59
23.59
24.02
23.69
23.8
23.97
23.97
23.97
24.13
24.14
24.32
24.23
24.09
24.09
24.09
24.38
24.31
24.15
24.07
24.26
24.26
24.26
24.26
25.25
25.24
25.23
25.14
25.14
25.14
25.03
25.71
25.3
24.87
24.16
24.16
24.16
23.06
22.99
22.9
22.88
23.19
23.19
23.19
23.54
23.26
23.23
23.36
23.36
23.36
23.36
23.36
23.36
23.36
23.36
23.18
23.18
23.18
23.58
23.86
24.1
24.38
24.28
24.28
24.28
24.39
24.58
24.86
